275,275
275,875
275,1075
275,1275
275,1675
275,1875
275,2275
275,2875
275,5675
275,6875
275,7075
475,1275
475,2075
475,2875
475,3075
475,3275
475,3675
475,3875
475,5275
475,5675
475,6675
475,6875
475,7075
675,1075
675,1275
675,1875
675,2075
675,2675
675,3275
675,3675
675,4475
675,5075
675,5275
675,7475
875,275
875,1075
875,4675
875,5475
875,5875
875,7275
1075,875
1075,1075
1075,2075
1075,2875
1075,4075
1075,4475
1075,4875
1075,5675
1075,7275
1075,7875
1075,8075
1275,475
1275,1875
1275,2475
1275,3075
1275,3275
1275,4875
1275,5275
1275,5675
1275,6275
1275,7475
1275,7875
1275,8075
1475,275
1475,475
1475,1675
1475,2675
1475,3075
1475,3675
1475,3875
1475,4875
1475,6275
1475,6875
1475,7075
1675,675
1675,875
1675,1075
1675,1675
1675,4675
1675,5075
1675,7675
1875,2275
1875,2475
1875,3475
1875,3675
1875,4075
1875,4275
1875,4875
1875,5075
2075,1075
2075,2075
2075,2475
2075,2675
2075,3275
2075,4675
2075,5475
2075,7275
2075,8075
2275,675
2275,1275
2275,1875
2275,2475
2275,4475
2275,4675
2275,5075
2275,5475
2275,7675
2475,675
2475,1675
2475,2075
2475,2875
2475,3075
2475,4275
2475,5075
2475,6675
2675,475
2675,1075
2675,1675
2675,2475
2675,3275
2675,3475
2675,3675
2675,5475
2675,6675
2675,7275
2675,7875
2875,1675
2875,1875
2875,2275
2875,3275
2875,3675
2875,4875
2875,5475
2875,5675
2875,5875
2875,6875
2875,7675
3075,1275
3075,1875
3075,2075
3075,3275
3075,3475
3075,4075
3075,4675
3075,4875
3075,5875
3075,6075
3075,7675
3275,1075
3275,1275
3275,1475
3275,1675
3275,2075
3275,2275
3275,3875
3275,4875
3275,5475
3275,5875
3475,1075
3475,1875
3475,2075
3475,4075
3475,4675
3475,4875
3475,6275
3475,7275
3475,7675
3675,475
3675,675
3675,2075
3675,5475
3675,5675
3675,6275
3675,6475
3875,2275
3875,4675
3875,5075
3875,7075
3875,7275
4075,875
4075,1875
4075,4475
4075,4675
4075,4875
4075,5475
4075,6075
4075,6475
4075,6675
4275,1675
4275,2875
4275,3075
4275,3875
4275,5075
4275,5275
4275,5475
4275,7075
4275,7275
4275,7675
4275,7875
4475,275
4475,875
4475,1675
4475,2075
4475,2475
4475,2875
4475,4675
4475,5475
4475,5675
4475,6075
4475,7075
4675,275
4675,675
4675,5275
4675,5675
4675,7475
4675,7675
4875,1675
4875,1875
4875,2075
4875,3675
4875,5875
4875,7075
4875,7875
5075,275
5075,475
5075,875
5075,1075
5075,1875
5075,2675
5075,2875
5075,3475
5075,5475
5075,6475
5075,6675
5275,1675
5275,2075
5275,3475
5275,3675
5275,5075
5275,5675
5275,5875
5275,6675
5275,6875
5275,7675
5475,275
5475,675
5475,1475
5475,1875
5475,3075
5475,3275
5475,3475
5475,3675
5475,3875
5475,5475
5475,6075
5475,6275
5475,6875
5475,7075
5675,475
5675,2475
5675,2675
5675,3275
5675,3475
5675,4075
5675,4875
5675,6075
5675,6275
5675,6475
5675,7675
5875,275
5875,1875
5875,4675
5875,5075
5875,5275
5875,7475
5875,8075
6075,1075
6075,2275
6075,2475
6075,3475
6075,4675
6075,5875
6075,6875
6075,7875
6275,2075
6275,3675
6275,3875
6275,6275
6275,6475
6275,6875
6275,7275
6275,7675
6475,475
6475,1475
6475,2275
6475,4475
6475,4675
6475,4875
6475,6675
6475,7275
6675,475
6675,1475
6675,1675
6675,2275
6675,2675
6675,2875
6675,5475
6675,5675
6675,5875
6675,7075
6675,7475
6875,875
6875,1075
6875,1875
6875,2275
6875,2475
6875,2875
6875,3675
6875,3875
6875,4075
6875,4675
6875,5475
6875,5675
6875,6075
6875,6475
6875,8075
7075,275
7075,1875
7075,2275
7075,2675
7075,3075
7075,3675
7075,3875
7075,4275
7075,4675
7075,6075
7075,7675
7275,2275
7275,2475
7275,4075
7275,4875
7275,5275
7275,5675
7275,7275
7475,275
7475,1275
7475,2875
7475,4675
7475,6875
7475,7275
7475,7475
7475,7675
7675,275
7675,875
7675,1275
7675,3275
7675,3875
7675,4075
7675,4475
7675,5875
7675,7275
7675,7675
7675,7875
7875,875
7875,2275
7875,3075
7875,4475
7875,6075
7875,6275
7875,7675
7875,7875
8075,1275
8075,1475
8075,1875
8075,2075
8075,3275
8075,5475
8075,6275
8075,7075
8075,7275
8075,7475
8075,8075
