275,475
275,1275
275,1475
275,1875
275,2075
275,2675
275,4475
275,7075
275,7475
275,7875
475,675
475,2075
475,2475
475,2875
475,5075
475,5475
475,6275
475,7275
675,1275
675,1675
675,2675
675,4675
675,5675
675,6875
675,7075
675,7475
675,7675
875,275
875,675
875,1475
875,1675
875,2075
875,2275
875,2675
875,3875
875,5475
875,6075
875,6475
875,7075
875,7875
1075,475
1075,675
1075,1675
1075,3275
1075,3675
1075,4675
1075,4875
1075,5875
1075,6275
1075,6675
1075,6875
1075,8075
1275,2275
1275,3475
1275,3675
1275,3875
1275,4075
1275,4875
1275,5475
1275,7275
1475,1075
1475,1675
1475,2075
1475,4475
1475,5275
1475,5475
1475,6875
1475,7075
1475,8075
1675,1675
1675,2075
1675,2275
1675,3875
1675,4475
1675,5275
1675,5475
1675,6275
1675,6875
1675,7675
1675,8075
1875,475
1875,675
1875,1075
1875,1875
1875,2475
1875,3675
1875,5675
1875,6675
1875,7075
1875,7275
1875,7475
2075,275
2075,475
2075,1075
2075,1675
2075,3875
2075,4475
2075,5475
2075,5675
2075,6075
2075,6475
2075,6675
2075,6875
2075,7075
2275,275
2275,2675
2275,4275
2275,4475
2275,4675
2275,7675
2475,475
2475,675
2475,2675
2475,3275
2475,3475
2475,4475
2475,5275
2475,6875
2675,275
2675,475
2675,675
2675,2475
2675,2675
2675,3075
2675,3675
2675,4275
2675,4475
2675,4875
2675,5675
2675,5875
2675,6075
2675,6675
2675,8075
2875,275
2875,875
2875,2075
2875,2275
2875,2675
2875,3275
2875,4275
2875,4675
2875,5075
2875,5675
2875,5875
2875,6075
2875,6875
3075,275
3075,675
3075,875
3075,1075
3075,1675
3075,2075
3075,3075
3075,5075
3075,6275
3075,6475
3075,6675
3075,7075
3075,7475
3275,275
3275,875
3275,1275
3275,1675
3275,2275
3275,2475
3275,4875
3275,5475
3275,5675
3275,5875
3275,6275
3275,6875
3275,7875
3475,475
3475,875
3475,1475
3475,2075
3475,2275
3475,2675
3475,2875
3475,3075
3475,6875
3475,7875
3475,8075
3675,675
3675,2075
3675,3275
3675,3475
3675,4075
3675,5075
3675,7075
3675,7475
3675,8075
3875,275
3875,3275
3875,3475
3875,4475
3875,4875
3875,5475
3875,5875
3875,7675
3875,7875
4075,1875
4075,2875
4075,3475
4075,5675
4075,6275
4275,1875
4275,2875
4275,3075
4275,5275
4275,6075
4275,6275
4275,6875
4275,7675
4475,875
4475,1275
4475,1675
4475,2275
4475,2675
4475,5075
4475,5275
4475,5475
4475,7075
4475,7275
4475,7875
4475,8075
4675,1875
4675,2675
4675,3475
4675,5275
4675,5675
4675,5875
4675,7675
4875,475
4875,1275
4875,2075
4875,3875
4875,5475
4875,6475
4875,6875
4875,7075
5075,475
5075,875
5075,1275
5075,1475
5075,1675
5075,2075
5075,2875
5075,3275
5075,3475
5075,3675
5075,4675
5075,5875
5075,6075
5075,6475
5075,6675
5075,6875
5075,7475
5075,7675
5075,8075
5275,1075
5275,1275
5275,2075
5275,3075
5275,4275
5275,4875
5275,5275
5275,6275
5275,6675
5275,7875
5475,675
5475,1475
5475,2675
5475,3075
5475,3475
5475,3675
5475,5075
5475,5675
5475,7475
5475,7675
5675,1675
5675,1875
5675,2275
5675,2675
5675,3475
5675,4475
5675,5275
5675,5875
5675,6075
5675,7275
5675,7675
5675,7875
5875,1475
5875,2475
5875,3475
5875,4075
5875,4275
5875,4875
5875,5275
5875,5475
5875,5675
5875,5875
5875,8075
6075,275
6075,475
6075,875
6075,1275
6075,2275
6075,2475
6075,2875
6075,3475
6075,3675
6075,6075
6075,6275
6075,6475
6075,6675
6275,475
6275,875
6275,1675
6275,1875
6275,2875
6275,4875
6275,5275
6275,5475
6275,5875
6275,6475
6275,7275
6275,7475
6475,1075
6475,1875
6475,3675
6475,3875
6475,4075
6475,4475
6475,4875
6475,5075
6475,7675
6675,1275
6675,1675
6675,2075
6675,2275
6675,2875
6675,3275
6675,4275
6675,4875
6675,5875
6675,6275
6675,7875
6875,1275
6875,1475
6875,2075
6875,3875
6875,4275
6875,5075
6875,5675
6875,6075
6875,6675
6875,7275
6875,7875
7075,1875
7075,2075
7075,2475
7075,2875
7075,3075
7075,3275
7075,4275
7075,6275
7075,6475
7075,6875
7075,7075
7275,1475
7275,2875
7275,4075
7275,4275
7275,4675
7275,6875
7475,475
7475,875
7475,1075
7475,3475
7475,4475
7475,4875
7475,5675
7475,7875
7675,875
7675,1475
7675,4675
7675,5875
7675,6075
7675,6875
7875,275
7875,875
7875,1675
7875,1875
7875,2275
7875,4075
7875,4275
7875,4475
7875,5075
8075,875
8075,2475
8075,3875
8075,4075
8075,4275
8075,4475
8075,4675
8075,5275
8075,8075
