,xInit,yInit,colorInit,xPheno,yPheno,colorPheno,Dipole,Elongation,Aspect_Ratio,Centroid_x,Centroid_y
0,2400,600,m,1465,631,m,4.183770389801416,276.0,0.4817073170731707,631,1465
1,3000,600,m,1819,607,m,3.0839144252063533,260.0,0.3720930232558139,607,1819
2,3600,600,m,2130,612,m,5.660617955216288,292.0,0.3971830985915493,612,2130
3,4200,600,m,2444,617,m,4.6896361246507885,247.0,0.4027303754266211,617,2444
4,4800,600,m,2774,592,m,4.92794055673578,277.0,0.3902439024390244,592,2774
5,5400,600,m,3045,589,m,2.58427734278504,195.0,0.4143426294820717,589,3045
6,6000,600,m,3373,565,m,4.465056653032843,276.0,0.569078947368421,565,3373
7,6600,600,m,3657,586,m,1.9485304087114856,172.0,0.6875,586,3657
8,7200,600,m,4025,553,m,2.7235744672548305,240.0,0.4014336917562724,553,4025
9,7800,600,m,4337,558,m,3.086809884374953,219.0,0.5018050541516246,558,4337
10,8400,600,m,4603,540,m,3.0797605213243724,280.0,0.340764331210191,540,4603
11,9000,600,m,4914,544,m,0.8312868580690588,167.0,0.4409090909090909,544,4914
12,600,2550,m,554,1705,m,2.9482076445943277,212.0,2.3583333333333334,1705,554
13,1200,2550,m,906,1746,m,0.3141012670986369,53.0,0.7746478873239436,1746,906
14,1800,2550,m,1180,1721,m,0.0119737718417073,9.0,0.9754098360655736,1721,1180
15,2400,2550,m,1521,1743,m,0.019859496363611,33.0,0.87248322147651,1743,1521
16,3000,2550,m,1844,1719,m,0.0181759225388771,27.0,0.8467153284671532,1719,1844
17,3600,2550,m,2166,1694,m,0.0173736959604105,11.0,1.117117117117117,1694,2166
18,4200,2550,m,2431,1700,m,0.0283664485019109,29.0,0.9375,1700,2431
19,4800,2550,m,2800,1699,m,0.0163731275036461,22.0,0.8828125,1699,2800
20,5400,2550,m,3103,1678,m,0.0224745010773091,14.0,1.1057692307692308,1678,3103
21,6000,2550,m,3372,1678,m,0.3681643829715421,69.0,0.7591240875912408,1678,3372
22,6600,2550,m,3666,1671,m,0.1676179993932515,43.0,1.165289256198347,1671,3666
23,7200,2550,m,3984,1643,m,0.0690439071749565,21.0,0.9090909090909092,1643,3984
24,7800,2550,m,4340,1661,m,0.0257297312525926,56.0,1.28125,1661,4340
25,8400,2550,m,4681,1633,m,0.1009591274078764,33.0,0.8823529411764706,1633,4681
26,9000,2550,m,4954,1656,m,0.4581025177441633,57.0,0.9013157894736842,1656,4954
27,9600,2550,m,5357,1683,m,3.9699187220508505,257.0,1.4729064039408868,1683,5357
28,600,4850,m,543,2945,m,2.477636937791625,214.0,1.347058823529412,2945,543
29,1200,4850,m,928,2916,m,0.0601790212611155,31.0,1.100840336134454,2916,928
30,1800,4850,m,1255,2889,m,0.0184703448349549,19.0,0.9302325581395348,2889,1255
31,2400,4850,m,1579,2871,m,0.0126893519160593,22.0,0.95,2871,1579
32,3000,4850,m,1853,2883,m,0.0234749401558763,17.0,0.875,2883,1853
33,3600,4850,m,2166,2881,m,0.0136298868097231,25.0,0.8656716417910447,2881,2166
34,4200,4850,m,2475,2894,m,0.0787073453298478,22.0,0.9035087719298246,2894,2475
35,4800,4850,m,2821,2846,m,0.0107403332721858,24.0,1.1904761904761905,2846,2821
36,5400,4850,m,3120,2829,m,0.0036640719067487,28.0,0.8461538461538461,2829,3120
37,6000,4850,m,3423,2832,m,0.0103675851710103,34.0,0.8571428571428571,2832,3423
38,6600,4850,m,3714,2849,m,0.0215864401526737,39.0,0.9439252336448598,2849,3714
39,7200,4850,m,4027,2845,m,0.0179252764456188,45.0,0.7246376811594203,2845,4027
40,7800,4850,m,4379,2795,m,0.0086031020082645,44.0,0.8085106382978723,2795,4379
41,8400,4850,m,4671,2833,m,0.0007207304486,8.0,0.9210526315789472,2833,4671
42,9000,4850,m,4968,2804,m,0.3921848452470262,30.0,1.0258620689655171,2804,4968
43,9600,4850,m,5324,2774,m,2.8982780507938557,168.0,1.5777777777777775,2774,5324
44,1200,6800,m,974,3996,m,0.1568082588578117,100.0,0.5402298850574713,3996,974
45,1800,6800,m,1259,4012,m,2.1554791343961512,175.0,0.907514450867052,4012,1259
46,2400,6800,m,1545,3937,m,0.8041186461815149,83.0,0.7070063694267515,3937,1545
47,3000,6800,m,1850,3874,m,0.2397942989566022,57.0,0.6838235294117647,3874,1850
48,3600,6800,m,2207,3876,m,0.0097964886606478,22.0,0.9831932773109244,3876,2207
49,4200,6800,m,2481,3881,m,0.0387629501274605,53.0,0.7651515151515151,3881,2481
50,4800,6800,m,2798,3869,m,0.0626600634067808,25.0,0.9609375,3869,2798
51,5400,6800,m,3123,3862,m,0.0385755450637546,33.0,0.7816901408450704,3862,3123
52,6000,6800,m,3426,3844,m,0.05100619284071,83.0,0.5855263157894737,3844,3426
53,6600,6800,m,3759,3837,m,0.0355850960305967,22.0,0.9230769230769232,3837,3759
54,7200,6800,m,4043,3839,m,0.0358157970696506,21.0,1.0892857142857142,3839,4043
55,7800,6800,m,4401,3828,m,0.0020185822636003,18.0,1.1130434782608696,3828,4401
56,8400,6800,m,4702,3822,m,0.0235377565765981,36.0,0.8409090909090909,3822,4702
57,9000,6800,m,5019,3802,m,0.0786289344217122,31.0,1.1282051282051282,3802,5019
58,9600,6800,m,5507,3777,m,3.208519906121144,294.0,3.7395833333333335,3777,5507
59,1800,9100,m,1307,5081,m,0.0108820565575403,44.0,1.4933333333333334,5081,1307
60,2400,9100,m,1567,5124,m,0.3359519047161355,88.0,1.2300884955752212,5124,1567
61,3000,9100,m,1921,5028,m,1.5286308265434132,114.0,0.578125,5028,1921
62,3600,9100,m,2194,5012,m,1.180943235283254,84.0,0.691358024691358,5012,2194
63,4200,9100,m,2582,5028,m,0.4331757026653093,39.0,1.0803571428571428,5028,2582
64,4800,9100,m,2907,5031,m,0.0057234591298134,43.0,0.823076923076923,5031,2907
65,5400,9100,m,3148,5039,m,0.0420093651078095,60.0,0.6370967741935484,5039,3148
66,6000,9100,m,3444,5034,m,0.2413841037496828,46.0,0.7222222222222222,5034,3444
67,6600,9100,m,3767,5001,m,0.1940998422730146,33.0,0.7132352941176471,5001,3767
68,7200,9100,m,4086,5076,m,0.546561214127017,88.0,0.7738095238095238,5076,4086
69,7800,9100,m,4347,4983,m,0.3381134863030739,74.0,1.4732142857142858,4983,4347
70,8400,9100,m,4735,4997,m,0.0204135841136194,22.0,1.0287769784172662,4997,4735
71,9000,9100,m,5071,4983,m,0.0735336050914947,56.0,1.146153846153846,4983,5071
72,9600,9100,m,5426,4973,m,3.0325748613103407,186.0,1.7903225806451613,4973,5426
73,10200,9100,m,5663,5048,m,0.0902770407462823,84.0,0.9933333333333332,5048,5663
74,1800,850,g,1149,754,g,2.4885807037652268,223.0,1.084033613445378,754,1149
75,2400,850,g,1493,855,g,1.825820176110291,139.0,1.7826086956521738,855,1493
76,3000,850,g,1808,809,g,0.2675581898716707,55.0,1.0588235294117647,809,1808
77,3600,850,g,2145,841,g,0.1478895147210966,27.0,1.2523364485981308,841,2145
78,4200,850,g,2459,812,g,0.1011149625068203,23.0,1.18348623853211,812,2459
79,4800,850,g,2720,833,g,0.0965760105322695,41.0,1.044776119402985,833,2720
80,5400,850,g,3068,796,g,0.0318483535185942,71.0,0.6688741721854304,796,3068
81,6000,850,g,3447,783,g,0.728932980914225,88.0,1.2814814814814814,783,3447
82,6600,850,g,3726,748,g,0.2721257653253471,29.0,1.190909090909091,748,3726
83,7200,850,g,4033,770,g,0.0651111522834524,58.0,0.7358490566037735,770,4033
84,7800,850,g,4380,802,g,1.7819776903964692,159.0,1.8235294117647056,802,4380
85,8400,850,g,4558,764,g,1.6438541010245715,101.0,1.302325581395349,764,4558
86,600,3150,g,624,1998,g,1.6281955802731136,138.0,1.3636363636363635,1998,624
87,1200,3150,g,875,1997,g,0.7131042381437938,105.0,1.7064220183486238,1997,875
88,1800,3150,g,1201,2035,g,0.1461312866234395,28.0,1.015625,2035,1201
89,2400,3150,g,1530,2004,g,0.0037528416507647,34.0,0.8676470588235294,2004,1530
90,3000,3150,g,1822,1997,g,0.0114129459201871,17.0,0.968,1997,1822
91,3600,3150,g,2177,1989,g,0.0154658797131976,21.0,0.8272727272727273,1989,2177
92,4200,3150,g,2502,1964,g,0.0209849342475657,21.0,0.8625954198473282,1964,2502
93,4800,3150,g,2793,1990,g,0.0243696630843321,33.0,0.8264462809917356,1990,2793
94,5400,3150,g,3083,1988,g,0.0194119190270104,22.0,0.8646616541353384,1988,3083
95,6000,3150,g,3403,1969,g,0.0413964555222787,16.0,0.9590163934426228,1969,3403
96,6600,3150,g,3742,1938,g,0.0139982086591438,7.0,0.9915254237288136,1938,3742
97,7200,3150,g,4018,1915,g,0.0328848232946772,48.0,0.785234899328859,1915,4018
98,7800,3150,g,4379,1934,g,0.0028435054018896,48.0,0.7372881355932204,1934,4379
99,8400,3150,g,4621,1904,g,0.1814457770311934,37.0,0.7265625,1904,4621
100,9000,3150,g,4936,1911,g,0.2593536303016686,39.0,0.837037037037037,1911,4936
101,9600,3150,g,5320,1873,g,1.970301015771041,173.0,1.3161290322580643,1873,5320
102,600,5100,g,621,3078,g,1.551895418623921,159.0,1.2262773722627738,3078,621
103,1200,5100,g,930,3066,g,1.3015060750036322,101.0,0.6198830409356725,3066,930
104,1800,5100,g,1259,3031,g,0.1679534537749605,41.0,0.7602739726027398,3031,1259
105,2400,5100,g,1612,3015,g,0.1223363660666696,50.0,0.7279411764705882,3015,1612
106,3000,5100,g,1885,3027,g,0.0172755316269457,7.0,0.9596774193548387,3027,1885
107,3600,5100,g,2156,3036,g,0.0065819648568139,20.0,0.8943089430894309,3036,2156
108,4200,5100,g,2482,3008,g,0.1010496531900454,24.0,0.8558558558558559,3008,2482
109,4800,5100,g,2865,2979,g,0.0425630549305055,6.0,1.0,2979,2865
110,5400,5100,g,3113,2987,g,0.0468345600751348,31.0,0.8345864661654135,2987,3113
111,6000,5100,g,3446,2957,g,0.0099398257893241,27.0,1.0275229357798166,2957,3446
112,6600,5100,g,3707,2958,g,0.0234845328584611,37.0,0.7685185185185185,2958,3707
113,7200,5100,g,4013,2983,g,0.1234041604049949,71.0,0.6,2983,4013
114,7800,5100,g,4395,2931,g,0.0287726086727279,35.0,0.8110236220472441,2931,4395
115,8400,5100,g,4647,2949,g,0.0371467441181567,75.0,0.6153846153846154,2949,4647
116,9000,5100,g,4982,2920,g,0.0341335708056909,32.0,1.2844827586206895,2920,4982
117,9600,5100,g,5362,2954,g,3.691498469561355,216.0,1.5534591194968554,2954,5362
118,1800,7400,g,1244,4264,g,0.1792214219961854,83.0,1.053846153846154,4264,1244
119,2400,7400,g,1556,4182,g,0.4596650052415136,77.0,1.4285714285714286,4182,1556
120,3000,7400,g,1898,4201,g,0.106585240983094,21.0,0.916030534351145,4201,1898
121,3600,7400,g,2202,4157,g,0.0142555229440746,44.0,0.8,4157,2202
122,4200,7400,g,2540,4168,g,0.2707448749051771,71.0,0.7132867132867133,4168,2540
123,4800,7400,g,2818,4184,g,0.0525873790659121,55.0,0.7484276729559748,4184,2818
124,5400,7400,g,3118,4170,g,0.0016120647278891,31.0,0.8914728682170543,4170,3118
125,6000,7400,g,3442,4177,g,0.0056653361835597,31.0,1.087378640776699,4177,3442
126,6600,7400,g,3762,4137,g,0.0024683325523238,14.0,1.1386138613861383,4137,3762
127,7200,7400,g,4068,4115,g,0.0083189219615846,17.0,1.062992125984252,4115,4068
128,7800,7400,g,4400,4099,g,0.0166015019974558,9.0,1.0275229357798166,4099,4400
129,8400,7400,g,4743,4127,g,0.0595960276165074,17.0,0.8842975206611571,4127,4743
130,9000,7400,g,5021,4101,g,0.0014056328324965,46.0,0.8053691275167785,4101,5021
131,9600,7400,g,5343,4072,g,0.4359621242575229,65.0,0.9727891156462584,4072,5343
132,10200,7400,g,5672,4031,g,1.4806793609472595,194.0,1.20625,4031,5672
133,1800,9350,g,1262,5324,g,0.6969117334166283,124.0,1.0175438596491229,5324,1262
134,2400,9350,g,1599,5262,g,0.6179039946633417,86.0,0.9844961240310076,5262,1599
135,3000,9350,g,1908,5265,g,2.73366731633686,165.0,0.5345622119815668,5265,1908
136,4200,9350,g,2550,5217,g,0.720752437616153,62.0,0.7919463087248322,5217,2550
137,4800,9350,g,2869,5187,g,0.3540045504015237,61.0,0.7133333333333334,5187,2869
138,5400,9350,g,3177,5184,g,0.3087207864038208,91.0,0.8709677419354839,5184,3177
139,6000,9350,g,3491,5172,g,0.2693515639828432,38.0,0.8285714285714286,5172,3491
140,6600,9350,g,3770,5200,g,0.7631847536807959,93.0,0.5815217391304348,5200,3770
141,7200,9350,g,4127,5179,g,0.5750595146860318,66.0,0.7246376811594203,5179,4127
142,7800,9350,g,4436,5139,g,0.2887558373453758,15.0,1.1304347826086956,5139,4436
143,8400,9350,g,4726,5155,g,0.3450294134197204,77.0,0.7159763313609467,5155,4726
144,9000,9350,g,5028,5149,g,0.2160172130896447,56.0,0.75,5149,5028
145,9600,9350,g,5400,5175,g,3.66477682661954,213.0,1.0633484162895928,5175,5400
146,1200,1450,b,894,1088,b,3.7139819901141977,244.0,0.3470790378006873,1088,894
147,1800,1450,b,1204,1062,b,3.3303256757394304,212.0,0.3433962264150943,1062,1204
148,2400,1450,b,1510,1156,b,0.9981762083507564,64.0,0.888,1156,1510
149,3000,1450,b,1832,1168,b,0.0830338065744276,65.0,0.6917293233082706,1168,1832
150,3600,1450,b,2133,1170,b,0.0029499556399272,53.0,0.7364864864864865,1170,2133
151,4200,1450,b,2442,1127,b,0.0004908069716638,23.0,0.9393939393939394,1127,2442
152,4800,1450,b,2788,1073,b,0.0235740068162637,7.0,0.9328358208955224,1073,2788
153,5400,1450,b,3036,1080,b,0.0056628710953867,42.0,0.7954545454545454,1080,3036
154,6000,1450,b,3391,1108,b,0.6988933292705257,42.0,0.7007299270072993,1108,3391
155,6600,1450,b,3711,1078,b,0.304454970402323,35.0,0.8195488721804511,1078,3711
156,7200,1450,b,3989,1081,b,0.1559452042949914,55.0,0.738255033557047,1081,3989
157,7800,1450,b,4361,1008,b,0.4049372717502168,77.0,0.6623376623376623,1008,4361
158,8400,1450,b,4611,999,b,0.4902599336227071,74.0,0.6097560975609756,999,4611
159,9000,1450,b,4962,998,b,1.0810474792294624,90.0,1.1597222222222223,998,4962
160,9600,1450,b,5316,998,b,1.5622059595199016,190.0,0.6009174311926605,998,5316
161,600,3400,b,561,2152,b,2.1987044309133728,165.0,1.92436974789916,2152,561
162,1200,3400,b,938,2204,b,0.1147744165272916,35.0,0.7647058823529411,2204,938
163,1800,3400,b,1259,2148,b,0.1192095544035432,10.0,0.8407079646017699,2148,1259
164,2400,3400,b,1530,2130,b,0.0118686318382989,37.0,0.8559322033898306,2130,1530
165,3000,3400,b,1832,2124,b,0.0036025278617771,25.0,0.9576271186440678,2124,1832
166,3600,3400,b,2187,2112,b,0.057966132514791,42.0,0.8,2112,2187
167,4200,3400,b,2443,2126,b,0.038357280895926,25.0,1.094017094017094,2126,2443
168,4800,3400,b,2770,2128,b,0.0260028762929251,9.0,0.951219512195122,2128,2770
169,5400,3400,b,3062,2132,b,0.0089443017567972,9.0,0.9391304347826088,2132,3062
170,6000,3400,b,3408,2085,b,0.0423093503729481,23.0,0.9230769230769232,2085,3408
171,6600,3400,b,3706,2106,b,0.0391214332290631,13.0,0.9401709401709402,2106,3706
172,7200,3400,b,4038,2115,b,0.0472901073829664,13.0,0.905982905982906,2115,4038
173,7800,3400,b,4358,2063,b,0.0329528153093497,12.0,0.9365079365079364,2063,4358
174,8400,3400,b,4631,2083,b,0.0959542146096962,42.0,0.75,2083,4631
175,9000,3400,b,5032,2042,b,0.2929014931259048,81.0,1.1690140845070425,2042,5032
176,9600,3400,b,5347,2051,b,3.0382119457488224,194.0,1.937984496124031,2051,5347
177,1200,5700,b,939,3344,b,0.3056300426898196,94.0,0.6125,3344,939
178,1800,5700,b,1228,3324,b,0.192739706445937,55.0,1.3394495412844036,3324,1228
179,2400,5700,b,1589,3348,b,0.3430609544375417,27.0,0.8269230769230769,3348,1589
180,3000,5700,b,1880,3384,b,0.213856725206375,37.0,1.096774193548387,3384,1880
181,3600,5700,b,2157,3312,b,0.0017213121877868,24.0,0.8394160583941606,3312,2157
182,4200,5700,b,2475,3297,b,0.040194177660429,44.0,0.823076923076923,3297,2475
183,4800,5700,b,2814,3310,b,0.076951292872087,35.0,0.8582677165354331,3310,2814
184,5400,5700,b,3112,3292,b,0.0174699311622569,19.0,0.8615384615384616,3292,3112
185,6000,5700,b,3442,3283,b,0.0149016809261446,19.0,0.8317757009345794,3283,3442
186,6600,5700,b,3739,3272,b,0.001949191469592,15.0,0.8818181818181818,3272,3739
187,7200,5700,b,4082,3270,b,0.0124998106775666,25.0,0.8145161290322581,3270,4082
188,7800,5700,b,4347,3262,b,0.0089400352156032,9.0,1.0,3262,4347
189,8400,5700,b,4705,3246,b,0.000703530830717,22.0,0.855072463768116,3246,4705
190,9000,5700,b,5023,3246,b,0.367941951036986,39.0,0.9203539823008848,3246,5023
191,9600,5700,b,5375,3208,b,2.4939979398488563,150.0,1.149171270718232,3208,5375
192,2400,7650,b,1596,4382,b,0.9835359795822516,114.0,0.842391304347826,4382,1596
193,3000,7650,b,1854,4395,b,0.2798737453666478,46.0,0.7916666666666666,4395,1854
194,3600,7650,b,2205,4306,b,0.6144995220437168,77.0,0.7638888888888888,4306,2205
195,4200,7650,b,2490,4313,b,0.0862917718864229,54.0,0.8157894736842105,4313,2490
196,4800,7650,b,2855,4311,b,0.0644006631318556,22.0,1.1071428571428572,4311,2855
197,5400,7650,b,3102,4316,b,0.0,40.0,0.8222222222222222,4316,3102
198,6000,7650,b,3511,4271,b,0.0352493486465989,10.0,1.065040650406504,4271,3511
199,6600,7650,b,3767,4255,b,0.0697008167065672,34.0,0.8538461538461538,4255,3767
200,7200,7650,b,4096,4252,b,0.1310268525671626,41.0,0.8067226890756303,4252,4096
201,7800,7650,b,4421,4280,b,0.1801418682449858,36.0,1.0619469026548674,4280,4421
202,8400,7650,b,4722,4264,b,0.1547783704037272,73.0,0.6601307189542484,4264,4722
203,9000,7650,b,4997,4258,b,0.0397342097991903,55.0,0.7792207792207793,4258,4997
204,9600,7650,b,5396,4227,b,0.6377052881906778,83.0,1.0774647887323945,4227,5396
205,10200,7650,b,5745,4258,b,1.9715920172494152,198.0,2.296610169491525,4258,5745
206,1800,9950,b,1335,5567,b,0.0579705090631797,117.0,0.5,5567,1335
207,2400,9950,b,1717,5378,b,3.0026555408521363,284.0,0.7878787878787878,5378,1717
208,3000,9950,b,1923,5462,b,1.1597780075544293,145.0,0.6470588235294118,5462,1923
209,3600,9950,b,2228,5439,b,1.6711272055280155,119.0,0.5808080808080808,5439,2228
210,4200,9950,b,2501,5450,b,0.6324898157305151,100.0,1.0476190476190477,5450,2501
211,5400,9950,b,3246,5526,b,0.7824278839485003,95.0,0.902439024390244,5526,3246
212,6600,9950,b,3728,5489,b,1.4137612022728825,131.0,1.256578947368421,5489,3728
213,7200,9950,b,4193,5464,b,0.7270543697309967,113.0,1.0890410958904109,5464,4193
214,7800,9950,b,4361,5466,b,0.8018726120256474,90.0,1.2536231884057971,5466,4361
215,8400,9950,b,4806,5502,b,0.6757137145406553,79.0,1.1214285714285714,5502,4806
216,9000,9950,b,5092,5469,b,2.529629316140523,218.0,0.6596491228070176,5469,5092
217,9600,9950,b,5438,5534,b,4.036096967100149,303.0,0.7547770700636943,5534,5438
218,1200,1700,y,821,1269,y,2.8865756122084067,199.0,2.263157894736842,1269,821
219,1800,1700,y,1176,1300,y,0.0647584691969763,54.0,0.8509316770186336,1300,1176
220,2400,1700,y,1521,1286,y,0.3092907972347537,35.0,0.9918032786885246,1286,1521
221,3000,1700,y,1862,1313,y,0.0182473627819137,33.0,0.9166666666666666,1313,1862
222,3600,1700,y,2137,1312,y,0.1929460577404428,34.0,0.7984496124031008,1312,2137
223,4200,1700,y,2424,1247,y,0.0202837932647266,25.0,1.0350877192982455,1247,2424
224,4800,1700,y,2765,1254,y,0.2536081828310327,43.0,0.7464788732394366,1254,2765
225,5400,1700,y,3069,1205,y,0.0667424881308621,22.0,0.8174603174603174,1205,3069
226,6000,1700,y,3349,1214,y,0.0960935359568704,24.0,1.2065217391304348,1214,3349
227,6600,1700,y,3644,1205,y,0.3489044254781035,22.0,0.9423076923076924,1205,3644
228,7200,1700,y,4012,1240,y,0.3214590313862995,44.0,0.961904761904762,1240,4012
229,7800,1700,y,4317,1238,y,0.4575489361987859,58.0,0.8017241379310345,1238,4317
230,8400,1700,y,4657,1233,y,0.4175356982650004,64.0,0.7341772151898734,1233,4657
231,9000,1700,y,4963,1178,y,0.2389649537574053,44.0,1.031746031746032,1178,4963
232,9600,1700,y,5324,1203,y,2.791496418144276,232.0,2.1313868613138687,1203,5324
233,600,4000,y,552,2451,y,4.474175371344439,248.0,2.220689655172414,2451,552
234,1200,4000,y,933,2482,y,0.0058186396122333,42.0,0.875968992248062,2482,933
235,1800,4000,y,1211,2467,y,0.0,60.0,0.7165354330708661,2467,1211
236,2400,4000,y,1571,2462,y,0.0432656412050358,14.0,0.9217391304347826,2462,1571
237,3000,4000,y,1887,2466,y,0.0199725391867925,7.0,0.9478260869565216,2466,1887
238,3600,4000,y,2181,2453,y,0.0,40.0,0.7894736842105263,2453,2181
239,4200,4000,y,2526,2444,y,0.005311184928754,6.0,0.85,2444,2526
240,4800,4000,y,2818,2423,y,0.0028182215027982,23.0,0.8076923076923077,2423,2818
241,5400,4000,y,3114,2407,y,0.0257587464623101,49.0,0.7083333333333334,2407,3114
242,6000,4000,y,3407,2403,y,0.0036151066192005,11.0,0.968503937007874,2403,3407
243,6600,4000,y,3712,2335,y,0.012881215729293,34.0,0.8524590163934426,2335,3712
244,7200,4000,y,4044,2337,y,0.0,40.0,0.8968253968253969,2337,4044
245,7800,4000,y,4359,2335,y,0.0232108313383735,21.0,1.1730769230769231,2335,4359
246,8400,4000,y,4650,2372,y,0.1095586761152467,9.0,0.9814814814814816,2372,4650
247,9000,4000,y,4979,2349,y,0.7459034216394497,66.0,0.7354838709677419,2349,4979
248,9600,4000,y,5300,2321,y,2.7360534620634382,199.0,0.9067357512953368,2321,5300
249,1200,5950,y,936,3549,y,0.3213486741529781,91.0,0.9333333333333332,3549,936
250,1800,5950,y,1281,3467,y,0.8983266628457647,81.0,0.6375838926174496,3467,1281
251,2400,5950,y,1559,3466,y,0.4030240738952491,57.0,0.7419354838709677,3466,1559
252,3600,5950,y,2194,3500,y,0.0238958744218944,20.0,1.0756302521008403,3500,2194
253,4200,5950,y,2526,3438,y,0.0017907302498421,46.0,0.8235294117647058,3438,2526
254,4800,5950,y,2806,3430,y,0.0193026817273571,7.0,1.0272727272727271,3430,2806
255,5400,5950,y,3130,3424,y,0.0179377019351736,14.0,0.9767441860465116,3424,3130
256,6000,5950,y,3447,3407,y,0.131535476410978,44.0,0.803030303030303,3407,3447
257,6600,5950,y,3730,3399,y,0.0411923917235446,49.0,0.7571428571428571,3399,3730
258,7200,5950,y,4078,3405,y,0.0162577084510944,54.0,0.7593984962406015,3405,4078
259,7800,5950,y,4349,3394,y,0.0222356920419362,11.0,0.8861788617886179,3394,4349
260,8400,5950,y,4718,3388,y,0.0197739101393966,36.0,0.8602941176470589,3388,4718
261,9000,5950,y,5022,3364,y,0.2073681600064235,34.0,0.875,3364,5022
262,9600,5950,y,5365,3429,y,3.7370870587433926,223.0,1.369942196531792,3429,5365
263,1800,8250,y,1291,4618,y,0.0208465775831218,42.0,0.8181818181818182,4618,1291
264,2400,8250,y,1517,4664,y,2.4003230293311595,198.0,2.730337078651685,4664,1517
265,3000,8250,y,1859,4653,y,0.681790503577698,73.0,1.6,4653,1859
266,3600,8250,y,2230,4611,y,0.0075350036541797,47.0,0.8108108108108109,4611,2230
267,4200,8250,y,2516,4616,y,0.0273371829914832,31.0,0.7964601769911505,4616,2516
268,4800,8250,y,2810,4602,y,0.6859799403334872,66.0,0.6356589147286822,4602,2810
269,5400,8250,y,3139,4556,y,0.0188337432744839,38.0,0.7712418300653595,4556,3139
270,6000,8250,y,3479,4589,y,0.073692534287197,29.0,0.7410714285714286,4589,3479
271,6600,8250,y,3755,4589,y,0.1210328058441877,39.0,0.7244094488188977,4589,3755
272,7800,8250,y,4345,4605,y,0.2671966566733211,14.0,0.91869918699187,4605,4345
273,8400,8250,y,4720,4554,y,0.0003113146832657,51.0,0.7857142857142857,4554,4720
274,9000,8250,y,5033,4533,y,0.0155693857473612,42.0,0.8780487804878049,4533,5033
275,9600,8250,y,5343,4513,y,0.2881454438536441,43.0,1.1571428571428573,4513,5343
276,10200,8250,y,5723,4461,y,3.847521883136099,268.0,1.0387596899224807,4461,5723
277,2400,10200,y,1609,5790,y,1.025393700124519,222.0,0.3691756272401433,5790,1609
278,3000,10200,y,1886,5821,y,3.039070558003641,300.0,0.4098360655737705,5821,1886
279,3600,10200,y,2206,5769,y,3.822026940846741,298.0,0.3447293447293447,5769,2206
280,4200,10200,y,2616,5724,y,3.32654929635648,235.0,0.5119453924914675,5724,2616
281,4800,10200,y,2908,5716,y,3.811485583654031,249.0,0.5117845117845118,5716,2908
282,5400,10200,y,3140,5747,y,4.193992527401655,263.0,0.4290322580645161,5747,3140
283,6000,10200,y,3424,5723,y,3.6986921010643834,227.0,0.5359712230215827,5723,3424
284,6600,10200,y,3725,5729,y,5.611944744919745,343.0,0.610738255033557,5729,3725
285,7200,10200,y,4147,5665,y,4.743980543455801,262.0,0.3653846153846153,5665,4147
286,7800,10200,y,4461,5675,y,4.485628446979802,272.0,0.6245847176079734,5675,4461
287,8400,10200,y,4781,5718,y,6.339270500176332,364.0,0.5548780487804879,5718,4781
288,10200,10200,y,5758,5584,y,0.0280369213122302,145.0,1.4899328859060403,5584,5758
289,600,2300,r,586,1548,r,4.219186672898297,227.0,0.891566265060241,1548,586
290,1200,2300,r,934,1573,r,0.2682477344059724,53.0,0.920863309352518,1573,934
291,1800,2300,r,1173,1568,r,0.168214937588784,30.0,0.7338709677419355,1568,1173
292,2400,2300,r,1534,1592,r,0.2333520819571583,30.0,0.75,1592,1534
293,3000,2300,r,1853,1571,r,0.0031932515541051,44.0,0.8580645161290322,1571,1853
294,3600,2300,r,2148,1517,r,0.00738123625609,9.0,1.0155038759689925,1517,2148
295,4200,2300,r,2421,1541,r,0.2048888463496899,54.0,0.8208955223880597,1541,2421
296,4800,2300,r,2780,1566,r,0.014317205668319,45.0,0.8115942028985508,1566,2780
297,5400,2300,r,3080,1519,r,0.13767381030731,37.0,0.9112903225806452,1519,3080
298,6000,2300,r,3368,1542,r,0.1352194705919084,28.0,0.934959349593496,1542,3368
299,6600,2300,r,3710,1508,r,0.298007131862501,26.0,0.7983870967741935,1508,3710
300,7200,2300,r,4013,1504,r,0.2032065660596698,28.0,0.9736842105263158,1504,4013
301,7800,2300,r,4354,1500,r,0.2613835469660173,14.0,0.8925619834710744,1500,4354
302,8400,2300,r,4657,1513,r,0.2005908956222652,52.0,0.7339449541284404,1513,4657
303,9000,2300,r,4992,1442,r,0.4055826364128412,66.0,1.5473684210526315,1442,4992
304,9600,2300,r,5319,1409,r,4.267126418816885,272.0,1.0669456066945606,1409,5319
305,600,4250,r,600,2645,r,2.99051717930666,199.0,1.4625,2645,600
306,1200,4250,r,907,2625,r,0.1993726573381696,70.0,0.6862745098039216,2625,907
307,1800,4250,r,1188,2586,r,0.0358571399339597,16.0,0.9206349206349206,2586,1188
308,2400,4250,r,1555,2612,r,0.1236484978564757,14.0,1.0,2612,1555
309,3000,4250,r,1873,2600,r,0.0930428878869219,45.0,0.7777777777777778,2600,1873
310,3600,4250,r,2166,2579,r,0.0324336605296423,7.0,0.9203539823008848,2579,2166
311,4200,4250,r,2482,2577,r,0.0358136584308355,27.0,0.9516129032258064,2577,2482
312,4800,4250,r,2793,2551,r,0.0203587692236781,25.0,0.8548387096774194,2551,2793
313,5400,4250,r,3108,2553,r,0.0074254945176861,33.0,0.841726618705036,2553,3108
314,6000,4250,r,3434,2560,r,0.0238052642284318,27.0,0.8968253968253969,2560,3434
315,6600,4250,r,3742,2538,r,0.0088622168186379,23.0,0.936,2538,3742
316,7200,4250,r,4040,2554,r,0.023290978003916,14.0,0.98,2554,4040
317,7800,4250,r,4397,2562,r,0.1136984597540741,20.0,0.911504424778761,2562,4397
318,8400,4250,r,4677,2534,r,0.1063755537980998,42.0,0.8333333333333334,2534,4677
319,9000,4250,r,4969,2515,r,0.0276919737550817,18.0,0.9338842975206612,2515,4969
320,9600,4250,r,5344,2531,r,3.2180725028268595,181.0,2.1666666666666665,2531,5344
321,1200,6550,r,954,3683,r,0.1600472542932249,23.0,1.1333333333333333,3683,954
322,2400,6550,r,1541,3787,r,0.2416767905875802,33.0,1.119047619047619,3787,1541
323,3000,6550,r,1856,3738,r,0.0945533329732814,35.0,0.9606299212598424,3738,1856
324,3600,6550,r,2181,3760,r,0.0404805732553973,8.0,0.9907407407407408,3760,2181
325,4200,6550,r,2478,3746,r,0.0209019603182586,16.0,1.0300751879699248,3746,2478
326,4800,6550,r,2834,3739,r,0.0175162167992296,20.0,0.8671875,3739,2834
327,5400,6550,r,3108,3711,r,0.0028805389348303,49.0,0.7266187050359713,3711,3108
328,6000,6550,r,3465,3717,r,0.0203119214334797,15.0,1.0423728813559323,3717,3465
329,6600,6550,r,3743,3717,r,0.0887556875237549,12.0,1.0925925925925926,3717,3743
330,7200,6550,r,4058,3714,r,0.0040428882803544,5.0,1.023076923076923,3714,4058
331,7800,6550,r,4372,3716,r,0.0301715607256131,18.0,0.8695652173913043,3716,4372
332,8400,6550,r,4697,3696,r,0.0167830678733097,19.0,0.923728813559322,3696,4697
333,9000,6550,r,4985,3669,r,0.1269949168109286,55.0,0.8243243243243243,3669,4985
334,9600,6550,r,5335,3635,r,2.3535803945442764,122.0,1.1283783783783785,3635,5335
335,2400,8500,r,1555,4883,r,1.8933357752807063,199.0,0.5041666666666667,4883,1555
336,3000,8500,r,1956,4807,r,2.4175287870171647,156.0,0.3781094527363184,4807,1956
337,3600,8500,r,2249,4760,r,0.4193771908430955,66.0,0.6666666666666666,4760,2249
338,4200,8500,r,2567,4726,r,0.2204488277514941,31.0,0.75177304964539,4726,2567
339,4800,8500,r,2819,4736,r,0.2213539540677445,46.0,0.7709923664122137,4736,2819
340,5400,8500,r,3149,4733,r,0.0593281210341976,34.0,0.8417721518987342,4733,3149
341,6000,8500,r,3529,4730,r,0.0480576069127247,49.0,1.0145985401459854,4730,3529
342,6600,8500,r,3765,4732,r,0.2246352524572624,67.0,0.6824324324324325,4732,3765
343,7200,8500,r,4093,4639,r,0.5926248843532463,107.0,0.7604790419161677,4639,4093
344,7800,8500,r,4426,4702,r,0.1738661373615857,42.0,1.0689655172413792,4702,4426
345,8400,8500,r,4689,4720,r,0.058832625801058,55.0,0.7243589743589743,4720,4689
346,9000,8500,r,5059,4713,r,0.3551734351130213,70.0,0.6137931034482759,4713,5059
347,9600,8500,r,5387,4669,r,0.7963107865112462,71.0,0.7391304347826086,4669,5387
348,10200,8500,r,5698,4751,r,3.2748944600611134,204.0,1.0101010101010102,4751,5698
349,3000,10800,r,1971,5985,r,0.1188628962192912,137.0,0.6376811594202898,5985,1971
